0.0000,-1,-1
0.0628,-1,-1
0.1502,-1,-1
0.2062,-1,-1
0.2376,-1,-1
0.2702,-1,-1
0.3022,-1,-1
0.3521,-1,-1
0.3704,-1,-1
0.3982,-1,-1
0.4308,-1,-1
0.4625,-1,-1
0.5300,-1,-1
0.5511,-1,-1
0.5740,-1,-1
0.6055,-1,-1
0.6378,-1,-1
0.6693,-1,-1
0.7087,-1,-1
0.7547,-1,-1
0.7698,-1,-1
0.8079,-1,-1
0.8307,-1,-1
0.8622,-1,-1
0.9097,-1,-1
0.9416,-1,-1
0.9910,-1,-1
1.0078,-1,-1
1.0469,-1,-1
1.0734,-1,-1
1.1204,-1,-1
1.1364,-1,-1
1.1818,-1,-1
1.2003,-1,-1
1.2307,-1,-1
1.2627,-1,-1
1.3116,-1,-1
1.3593,-1,-1
1.3762,-1,-1
1.4050,-1,-1
1.4547,-1,-1
1.4719,-1,-1
1.5012,-1,-1
1.5382,-1,-1
1.5658,-1,-1
1.5976,-1,-1
1.6292,-1,-1
1.6612,-1,-1
1.7280,-1,-1
1.7428,-1,-1
1.7856,-1,-1
1.8061,-1,-1
1.8564,-1,-1
1.8721,-1,-1
1.9017,-1,-1
1.9333,-1,-1
1.9709,-1,-1
1.9974,-1,-1
2.0301,-1,-1
2.0799,-1,-1
2.1271,-1,-1
2.1437,-1,-1
2.1763,-1,-1
2.2051,-1,-1
2.2553,-1,-1
2.2789,-1,-1
2.3012,-1,-1
2.3515,-1,-1
2.3683,-1,-1
2.3977,-1,-1
2.4304,-1,-1
2.4808,-1,-1
2.5108,-1,-1
2.5590,-1,-1
2.5763,-1,-1
2.6056,-1,-1
2.6563,-1,-1
2.6728,-1,-1
2.7175,-1,-1
2.7409,-1,-1
2.7795,-1,-1
2.8054,-1,-1
2.8298,-1,-1
2.8736,-1,-1
2.9271,-1,-1
2.9500,-1,-1
2.9735,-1,-1
3.0273,-1,-1
3.0432,-1,-1
3.0869,-1,-1
3.1038,-1,-1
3.1515,-1,-1
3.1680,-1,-1
3.2137,-1,-1
3.2313,-1,-1
3.2633,-1,-1
3.3293,-1,-1
3.3454,-1,-1
3.3886,-1,-1
3.4068,-1,-1
3.4372,-1,-1
3.4700,-1,-1
3.5063,-1,-1
3.5385,-1,-1
3.5825,-1,-1
3.5997,-1,-1
3.6468,-1,-1
3.6639,-1,-1
3.7147,-1,-1
3.7566,-1,-1
3.7749,-1,-1
3.8052,-1,-1
3.8562,-1,-1
3.8712,-1,-1
3.9176,-1,-1
3.9357,-1,-1
3.9810,-1,-1
3.9977,-1,-1
4.0494,-1,-1
4.0660,-1,-1
4.1293,-1,-1
4.1454,-1,-1
4.1902,-1,-1
4.2074,-1,-1
4.2503,-1,-1
4.2703,-1,-1
4.3183,-1,-1
4.3355,-1,-1
4.3703,-1,-1
4.4109,-1,-1
4.4296,-1,-1
4.4750,-1,-1
4.5271,-1,-1
4.5438,-1,-1
4.5737,-1,-1
4.6061,-1,-1
4.6554,-1,-1
4.6791,-1,-1
4.7124,-1,-1
4.7434,-1,-1
4.7669,-1,-1
4.8140,-1,-1
4.8313,-1,-1
4.8734,-1,-1
4.9263,-1,-1
4.9438,-1,-1
4.9733,-1,-1
5.0058,-1,-1
5.0420,-1,-1
5.0733,-1,-1
5.1046,-1,-1
5.1333,-1,-1
5.1715,-1,-1
5.1978,-1,-1
5.2374,-1,-1
5.2614,-1,-1
5.3086,-1,-1
5.3562,-1,-1
5.3746,-1,-1
5.4042,-1,-1
5.4534,-1,-1
5.4764,-1,-1
5.5088,-1,-1
5.5432,-1,-1
5.5689,-1,-1
5.6095,-1,-1
5.6328,-1,-1
5.6776,-1,-1
5.7086,-1,-1
5.7402,-1,-1
5.7731,-1,-1
5.8051,-1,-1
5.8545,-1,-1
5.8771,-1,-1
5.9100,-1,-1
5.9387,-1,-1
5.9658,-1,-1
6.0133,-1,-1
6.0308,-1,-1
6.0952,-1,-1
6.1131,-1,-1
6.1575,-1,-1
6.1748,-1,-1
6.2043,-1,-1
6.2490,-1,-1
6.2792,-1,-1
6.3073,-1,-1
6.3368,-1,-1
6.3644,-1,-1
6.3975,-1,-1
6.4293,-1,-1
6.4957,-1,-1
6.5119,-1,-1
6.5412,-1,-1
6.5721,-1,-1
6.6058,-1,-1
6.6523,-1,-1
6.6704,-1,-1
6.7100,-1,-1
6.7487,-1,-1
6.7688,-1,-1
6.8138,-1,-1
6.8391,-1,-1
6.8907,-1,-1
6.9097,-1,-1
6.9408,-1,-1
6.9734,-1,-1
7.0208,-1,-1
7.0452,-1,-1
7.0845,-1,-1
7.1075,-1,-1
7.1433,-1,-1
7.1766,-1,-1
7.2020,-1,-1
7.2441,-1,-1
7.2932,-1,-1
7.3165,-1,-1
7.3406,-1,-1
7.3724,-1,-1
7.4054,-1,-1
7.4558,-1,-1
7.4761,-1,-1
7.5121,-1,-1
7.5433,-1,-1
7.5716,-1,-1
7.5999,-1,-1
7.6289,-1,-1
7.6793,-1,-1
7.7120,-1,-1
7.7482,-1,-1
7.7792,-1,-1
7.8110,-1,-1
7.8419,-1,-1
7.8710,-1,-1
7.9038,-1,-1
7.9344,-1,-1
7.9663,-1,-1
7.9986,-1,-1
8.0306,298,189
8.0755,294,191
8.1060,-1,-1
8.1419,-1,-1
8.1749,-1,-1
8.2062,-1,-1
8.2377,-1,-1
8.2867,-1,-1
8.3040,-1,-1
8.3518,-1,-1
8.3691,-1,-1
8.4177,-1,-1
8.4336,-1,-1
8.4951,-1,-1
8.5128,-1,-1
8.5418,-1,-1
8.5920,-1,-1
8.6095,-1,-1
8.6494,-1,-1
8.6888,-1,-1
8.7048,-1,-1
8.7397,-1,-1
8.7656,-1,-1
8.7995,-1,-1
8.8301,-1,-1
8.8782,-1,-1
8.9105,-1,-1
8.9428,-1,-1
8.9780,-1,-1
9.0077,-1,-1
9.0373,-1,-1
9.0703,-1,-1
9.1023,-1,-1
9.1346,-1,-1
9.1846,-1,-1
9.2004,-1,-1
9.2324,-1,-1
9.2770,-1,-1
9.3146,-1,-1
9.3402,-1,-1
9.3728,-1,-1
9.4047,-1,-1
9.4522,-1,-1
9.4792,-1,-1
9.5127,-1,-1
9.5404,-1,-1
9.5721,-1,-1
9.5979,-1,-1
9.6455,-1,-1
9.6779,-1,-1
9.7230,-1,-1
9.7441,-1,-1
9.7761,-1,-1
9.8090,-1,-1
9.8369,-1,-1
9.8694,-1,-1
9.9078,-1,-1
9.9393,-1,-1
9.9719,-1,-1
10.0010,-1,-1
10.0436,-1,-1
10.0934,-1,-1
10.1109,-1,-1
10.1490,-1,-1
10.1750,-1,-1
10.2050,-1,-1
10.2419,-1,-1
10.2844,-1,-1
10.3026,-1,-1
10.3489,-1,-1
10.3723,-1,-1
10.4081,-1,-1
10.4300,-1,-1
10.4770,-1,-1
10.5268,-1,-1
10.5435,-1,-1
10.5725,-1,-1
10.6046,-1,-1
10.6557,-1,-1
10.6723,-1,-1
10.7018,-1,-1
10.7492,-1,-1
10.7721,-1,-1
10.8142,-1,-1
10.8311,-1,-1
10.8766,-1,-1
10.9252,-1,-1
10.9425,-1,-1
10.9856,-1,-1
11.0069,-1,-1
11.0535,-1,-1
11.0766,-1,-1
11.1010,-1,-1
11.1378,-1,-1
11.1825,-1,-1
11.2012,265,249
11.2344,268,246
11.2851,270,244
11.3174,274,243
11.3441,277,242
11.3714,279,241
11.4035,280,240
11.4363,280,240
11.4781,280,240
11.5024,280,241
11.5324,280,241
11.5618,281,241
11.6061,281,242
11.6303,282,242
11.6797,283,242
11.7183,283,242
11.7411,284,242
11.7759,284,243
11.8015,284,243
11.8443,284,243
11.8666,284,243
11.9120,284,243
11.9397,284,243
11.9642,284,243
11.9943,284,243
12.0394,284,243
12.0853,284,244
12.1188,285,244
12.1394,285,244
12.1814,285,244
12.2060,285,244
12.2470,286,244
12.2789,286,245
12.3065,287,245
12.3432,287,245
12.3748,288,245
12.4066,288,245
12.4293,288,244
12.4757,289,243
12.5192,289,242
12.5433,290,242
12.5721,291,241
12.6040,292,241
12.6390,293,242
12.6798,294,243
12.7035,296,244
12.7322,296,247
12.7635,296,251
12.7937,294,255
12.8329,290,259
12.8757,286,262
12.9168,280,263
12.9463,276,261
12.9694,-1,-1
13.0239,-1,-1
13.0401,-1,-1
13.0851,-1,-1
13.1041,284,237
13.1305,290,234
13.1755,297,234
13.2050,302,237
13.2313,305,242
13.2771,-1,-1
13.3159,-1,-1
13.3592,-1,-1
13.3749,-1,-1
13.4239,-1,-1
13.4404,-1,-1
13.4863,-1,-1
13.5035,-1,-1
13.5384,-1,-1
13.5723,-1,-1
13.5972,-1,-1
13.6486,-1,-1
13.6802,287,255
13.7194,291,254
13.7467,294,255
13.7719,-1,-1
13.8146,294,259
13.8355,292,262
13.8806,290,263
13.8998,289,264
13.9429,288,264
13.9721,287,264
13.9947,287,263
14.0266,286,262
14.0787,285,262
14.1197,284,262
14.1488,283,261
14.1793,282,262
14.2034,282,262
14.2482,282,262
14.2715,282,262
14.3110,283,263
14.3390,284,263
14.3739,285,263
14.4029,286,263
14.4390,287,263
14.4759,289,263
14.5079,291,263
14.5517,292,263
14.5750,293,263
14.6090,294,263
14.6480,295,264
14.6709,294,264
14.7110,294,264
14.7382,293,265
14.7689,292,265
14.8083,291,265
14.8264,290,265
14.8736,289,266
14.9055,288,266
14.9521,287,266
14.9771,287,267
15.0151,286,267
15.0377,286,268
15.0664,286,270
15.0996,285,272
15.1441,285,275
15.1679,285,278
15.2069,285,282
15.2297,285,285
15.2795,285,289
15.3089,285,292
15.3521,285,295
15.3794,284,298
15.4024,284,300
15.4406,284,302
15.4757,284,305
15.5052,284,307
15.5441,284,308
15.5743,284,309
15.5992,284,310
15.6283,284,311
15.6853,284,311
15.7144,284,311
15.7410,284,311
15.7718,284,310
15.8090,284,310
15.8337,284,309
15.8728,284,308
15.9064,284,308
15.9303,284,307
15.9619,284,306
16.0073,284,305
16.0309,283,304
16.0757,283,303
16.1071,282,302
16.1527,281,301
16.1754,280,300
16.2138,280,298
16.2369,279,296
16.2759,279,294
16.3125,280,292
16.3433,280,289
16.3757,280,287
16.4083,280,285
16.4308,281,283
16.4875,281,280
16.5093,281,278
16.5506,282,277
16.5736,283,275
16.6159,283,273
16.6368,284,271
16.6756,285,269
16.7043,287,267
16.7363,288,265
16.7688,290,263
16.8007,291,261
16.8296,292,259
16.8797,293,257
16.9057,294,255
16.9380,294,253
16.9816,293,250
17.0024,292,248
17.0470,291,247
17.0778,291,246
17.1093,290,245
17.1443,290,244
17.1714,290,244
17.2069,289,245
17.2311,288,246
17.2880,287,247
17.3085,286,248
17.3391,285,249
17.3842,284,250
17.4046,283,250
17.4445,282,251
17.4757,282,253
17.5110,281,254
17.5323,281,254
17.5752,280,255
17.6068,280,256
17.6294,280,257
17.6794,280,257
17.7062,280,258
17.7381,281,259
17.7701,281,259
17.8019,282,261
17.8342,282,262
17.8667,283,263
17.8981,283,266
17.9411,284,268
17.9633,285,270
18.0068,285,272
18.0385,285,274
18.0865,286,276
18.1095,286,278
18.1390,286,280
18.1837,287,282
18.2076,286,283
18.2469,286,285
18.2739,286,286
18.3049,286,288
18.3452,286,289
18.3652,285,290
18.4010,285,290
18.4397,-1,-1
18.4957,284,287
18.5074,284,285
18.5380,284,282
18.5840,284,280
18.6108,284,278
18.6468,284,275
18.6789,284,273
18.7069,284,272
18.7313,284,270
18.7624,284,268
18.8086,284,267
18.8312,284,266
18.8737,284,265
18.9101,284,265
18.9379,283,264
18.9830,283,264
19.0161,283,264
19.0442,283,263
19.0698,282,263
19.1143,282,263
19.1402,282,264
19.1662,282,264
19.1982,284,267
19.2405,288,273
19.2867,-1,-1
19.3135,-1,-1
19.3437,-1,-1
19.3931,-1,-1
19.4094,-1,-1
19.4386,-1,-1
19.4884,-1,-1
19.5048,-1,-1
19.5531,-1,-1
19.5689,-1,-1
19.5973,-1,-1
19.6343,-1,-1
19.6973,-1,-1
19.7132,-1,-1
19.7414,-1,-1
19.7912,-1,-1
19.8134,-1,-1
19.8380,-1,-1
19.8700,-1,-1
19.9184,-1,-1
19.9388,-1,-1
19.9649,-1,-1
19.9975,-1,-1
20.0293,-1,-1
20.0780,-1,-1
20.1091,-1,-1
20.1605,-1,-1
20.1828,-1,-1
20.2219,-1,-1
20.2421,-1,-1
20.2724,-1,-1
20.3064,-1,-1
20.3564,-1,-1
20.3727,-1,-1
20.3977,-1,-1
20.4364,-1,-1
20.4973,-1,-1
20.5136,-1,-1
20.5592,-1,-1
20.5765,-1,-1
20.6212,-1,-1
20.6469,-1,-1
20.6706,-1,-1
20.7157,-1,-1
20.7387,-1,-1
20.7839,-1,-1
20.8002,-1,-1
20.8463,-1,-1
20.8768,-1,-1
20.9091,-1,-1
20.9422,-1,-1
20.9738,-1,-1
21.0241,-1,-1
21.0474,-1,-1
21.0862,-1,-1
21.1166,-1,-1
21.1399,-1,-1
21.1661,-1,-1
21.1979,-1,-1
21.2300,-1,-1
21.2971,-1,-1
21.3130,-1,-1
21.3525,-1,-1
21.3774,-1,-1
21.4262,-1,-1
21.4404,-1,-1
21.4697,-1,-1
21.5195,-1,-1
21.5424,-1,-1
21.5658,-1,-1
21.6154,-1,-1
21.6321,-1,-1
21.6974,-1,-1
21.7132,-1,-1
21.7576,-1,-1
21.7752,-1,-1
21.8072,-1,-1
21.8382,-1,-1
21.8707,-1,-1
21.9012,-1,-1
21.9336,-1,-1
21.9654,-1,-1
22.0020,-1,-1
22.0431,-1,-1
22.0773,-1,-1
22.1094,-1,-1
22.1415,-1,-1
22.1734,-1,-1
22.2052,-1,-1
22.2432,-1,-1
22.2695,-1,-1
22.3014,-1,-1
22.3334,-1,-1
22.3654,-1,-1
22.3973,-1,-1
22.4303,-1,-1
22.4819,-1,-1
22.5282,-1,-1
22.5435,-1,-1
22.5931,-1,-1
22.6090,-1,-1
22.6590,-1,-1
22.6754,-1,-1
22.7017,-1,-1
22.7351,-1,-1
22.7809,-1,-1
22.7995,-1,-1
22.8296,-1,-1
22.8859,-1,-1
22.9184,-1,-1
22.9561,-1,-1
22.9755,-1,-1
23.0055,-1,-1
23.0514,-1,-1
23.0806,-1,-1
23.1041,-1,-1
23.1401,-1,-1
23.1687,-1,-1
23.2176,-1,-1
23.2336,-1,-1
23.2974,-1,-1
23.3133,-1,-1
23.3576,-1,-1
23.3751,-1,-1
23.4051,-1,-1
23.4374,-1,-1
23.4693,-1,-1
23.5219,-1,-1
23.5375,-1,-1
23.5661,-1,-1
23.5973,-1,-1
23.6292,-1,-1
23.6771,-1,-1
23.7176,-1,-1
23.7416,-1,-1
23.7772,-1,-1
23.8234,-1,-1
23.8400,-1,-1
23.8747,-1,-1
23.9150,-1,-1
23.9490,-1,-1
23.9682,-1,-1
24.0004,-1,-1
24.0491,-1,-1
24.0919,-1,-1
24.1178,-1,-1
24.1539,-1,-1
24.1784,-1,-1
24.2241,-1,-1
24.2470,-1,-1
24.2706,-1,-1
24.3157,-1,-1
24.3447,-1,-1
24.3730,-1,-1
24.3990,-1,-1
24.4314,-1,-1
24.4975,-1,-1
24.5132,-1,-1
24.5561,-1,-1
24.5734,-1,-1
24.6052,-1,-1
24.6438,-1,-1
24.6693,-1,-1
24.7196,-1,-1
24.7426,-1,-1
24.7657,-1,-1
24.7973,-1,-1
24.8296,-1,-1
24.8787,-1,-1
24.9256,-1,-1
24.9415,-1,-1
24.9884,-1,-1
25.0071,-1,-1
25.0377,-1,-1
25.0873,-1,-1
25.1045,-1,-1
25.1504,-1,-1
25.1676,-1,-1
25.2118,-1,-1
25.2318,-1,-1
25.2775,-1,-1
25.3136,-1,-1
25.3595,-1,-1
25.3766,-1,-1
25.4239,-1,-1
25.4470,-1,-1
25.4694,-1,-1
25.5217,-1,-1
25.5377,-1,-1
25.5804,-1,-1
25.5994,-1,-1
25.6291,-1,-1
25.6973,-1,-1
25.7133,-1,-1
25.7452,-1,-1
25.7804,-1,-1
25.8266,-1,-1
25.8421,-1,-1
25.8760,-1,-1
25.9170,-1,-1
25.9451,-1,-1
25.9761,-1,-1
25.9983,-1,-1
26.0289,-1,-1
26.0951,-1,-1
26.1111,-1,-1
26.1564,-1,-1
26.1808,-1,-1
26.2055,-1,-1
26.2382,-1,-1
26.2704,-1,-1
26.3018,-1,-1
26.3340,-1,-1
26.3865,-1,-1
26.4020,-1,-1
26.4466,-1,-1
26.4951,-1,-1
26.5133,-1,-1
26.5538,-1,-1
26.5746,-1,-1
26.6150,-1,-1
26.6573,-1,-1
26.6733,-1,-1
26.7013,-1,-1
26.7331,-1,-1
26.7651,-1,-1
26.8216,-1,-1
26.8342,-1,-1
26.8913,-1,-1
26.9104,-1,-1
26.9613,-1,-1
26.9817,-1,-1
27.0201,-1,-1
27.0403,-1,-1
27.0693,-1,-1
27.1196,-1,-1
27.1370,-1,-1
27.1652,-1,-1
27.1979,-1,-1
27.2487,-1,-1
27.2831,-1,-1
27.3246,-1,-1
27.3442,-1,-1
27.3738,-1,-1
27.4052,-1,-1
27.4631,-1,-1
27.4775,-1,-1
27.5018,-1,-1
27.5366,-1,-1
27.5661,-1,-1
27.5973,-1,-1
27.6295,-1,-1
27.6784,-1,-1
27.7108,-1,-1
27.7420,-1,-1
27.7857,-1,-1
27.8095,-1,-1
27.8522,-1,-1
27.8804,-1,-1
27.9026,-1,-1
27.9349,-1,-1
27.9654,-1,-1
28.0154,-1,-1
28.0325,-1,-1
28.0938,-1,-1
28.1145,-1,-1
28.1421,-1,-1
28.1736,-1,-1
28.2079,-1,-1
28.2379,-1,-1
28.2700,-1,-1
28.3018,-1,-1
28.3339,-1,-1
28.3669,-1,-1
28.4174,-1,-1
28.4332,-1,-1
28.4774,-1,-1
28.5099,-1,-1
28.5422,-1,-1
28.5746,-1,-1
28.6055,-1,-1
28.6378,-1,-1
28.6898,-1,-1
28.7056,-1,-1
28.7569,-1,-1
28.7728,-1,-1
28.8078,-1,-1
28.8304,-1,-1
28.8928,-1,-1
28.9204,-1,-1
28.9525,-1,-1
28.9758,-1,-1
29.0064,-1,-1
29.0412,-1,-1
29.0846,-1,-1
29.1049,-1,-1
29.1368,-1,-1
29.1674,-1,-1
29.2156,-1,-1
29.2305,-1,-1
29.2792,-1,-1
29.3102,-1,-1
29.3618,-1,-1
29.3806,-1,-1
29.4072,-1,-1
29.4538,-1,-1
29.4717,-1,-1
29.5042,-1,-1
29.5343,-1,-1
29.5671,-1,-1
29.6162,-1,-1
29.6355,-1,-1
29.6797,-1,-1
29.7215,-1,-1
29.7436,-1,-1
29.7756,-1,-1
29.8058,-1,-1
29.8399,-1,-1
29.8904,-1,-1
29.9038,-1,-1
29.9372,-1,-1
29.9661,-1,-1
30.0174,-1,-1
30.0354,-1,-1
30.0953,-1,-1
30.1162,-1,-1
30.1424,-1,-1
30.1739,-1,-1
30.2071,-1,-1
30.2380,-1,-1
30.2859,-1,-1
30.3042,-1,-1
30.3501,-1,-1
30.3668,-1,-1
30.4200,-1,-1
30.4328,-1,-1
30.4777,-1,-1
30.5267,-1,-1
30.5443,-1,-1
30.5962,-1,-1
30.6138,-1,-1
30.6388,-1,-1
30.6696,-1,-1
30.7021,-1,-1
30.7561,-1,-1
30.7692,-1,-1
30.8092,-1,-1
30.8313,-1,-1
30.8771,-1,-1
30.9109,-1,-1
30.9435,-1,-1
30.9755,-1,-1
31.0245,-1,-1
31.0436,-1,-1
31.0727,-1,-1
31.1029,-1,-1
31.1509,-1,-1
31.1758,-1,-1
31.1984,-1,-1
31.2335,-1,-1
31.2960,-1,-1
31.3127,-1,-1
31.3424,-1,-1
31.3906,-1,-1
31.4081,-1,-1
31.4390,-1,-1
31.4710,-1,-1
31.5047,-1,-1
31.5336,-1,-1
31.5826,-1,-1
31.6126,-1,-1
31.6315,-1,-1
31.6956,-1,-1
31.7123,-1,-1
31.7418,-1,-1
31.7931,-1,-1
31.8094,-1,-1
31.8421,-1,-1
31.8715,-1,-1
31.9172,-1,-1
31.9384,-1,-1
31.9811,-1,-1
32.0057,-1,-1
32.0294,-1,-1
32.0835,-1,-1
32.1106,-1,-1
32.1592,-1,-1
32.1767,-1,-1
32.2075,-1,-1
32.2420,-1,-1
32.2697,-1,-1
32.3066,-1,-1
32.3548,-1,-1
32.3699,-1,-1
32.3976,-1,-1
32.4299,-1,-1
32.4890,-1,-1
32.5131,-1,-1
32.5418,-1,-1
32.5934,-1,-1
32.6095,-1,-1
32.6409,-1,-1
32.6729,-1,-1
32.7142,-1,-1
32.7443,-1,-1
32.7688,-1,-1
32.8072,-1,-1
32.8494,-1,-1
32.8898,-1,-1
32.9109,-1,-1
32.9432,-1,-1
32.9742,-1,-1
33.0260,-1,-1
33.0422,-1,-1
33.0694,-1,-1
33.1201,-1,-1
33.1457,-1,-1
33.1690,-1,-1
33.2004,-1,-1
33.2464,-1,-1
33.2787,-1,-1
33.3249,-1,-1
33.3416,-1,-1
33.3779,-1,-1
33.4231,-1,-1
33.4406,-1,-1
33.4719,-1,-1
33.5042,-1,-1
33.5512,-1,-1
33.5672,-1,-1
33.6031,-1,-1
33.6505,-1,-1
33.6786,-1,-1
33.7181,-1,-1
33.7554,-1,-1
33.7840,-1,-1
33.8065,-1,-1
33.8384,-1,-1
33.8733,-1,-1
33.9207,-1,-1
33.9360,-1,-1
33.9791,-1,-1
34.0016,-1,-1
34.0417,-1,-1
34.0795,-1,-1
34.1146,-1,-1
34.1420,-1,-1
34.1935,-1,-1
34.2097,-1,-1
34.2376,-1,-1
34.2905,-1,-1
34.3046,-1,-1
34.3339,-1,-1
34.3838,-1,-1
34.4004,-1,-1
34.4294,-1,-1
34.4984,-1,-1
34.5137,-1,-1
34.5573,-1,-1
34.5754,-1,-1
34.6074,-1,-1
34.6376,-1,-1
34.6810,-1,-1
34.7022,-1,-1
34.7510,-1,-1
34.7680,-1,-1
34.7974,-1,-1
34.8338,-1,-1
34.8791,-1,-1
34.9267,-1,-1
34.9438,-1,-1
34.9753,-1,-1
35.0264,-1,-1
35.0422,-1,-1
35.0922,-1,-1
35.1067,-1,-1
35.1455,-1,-1
35.1662,-1,-1
35.1976,-1,-1
35.2296,-1,-1
35.2981,-1,-1
35.3140,-1,-1
35.3419,-1,-1
35.3895,-1,-1
35.4080,-1,-1
35.4554,-1,-1
35.4721,-1,-1
35.5177,-1,-1
35.5352,-1,-1
35.5821,-1,-1
35.6011,-1,-1
35.6316,-1,-1
35.6931,-1,-1
35.7123,-1,-1
35.7607,-1,-1
35.7769,-1,-1
35.8060,-1,-1
35.8552,-1,-1
35.8774,-1,-1
35.9013,-1,-1
35.9535,-1,-1
35.9688,-1,-1
36.0004,-1,-1
36.0310,-1,-1
36.0882,-1,-1
36.1293,-1,-1
36.1452,-1,-1
36.1738,-1,-1
36.2100,-1,-1
36.2374,-1,-1
36.2721,-1,-1
36.3188,-1,-1
36.3386,-1,-1
36.3680,-1,-1
36.4000,-1,-1
36.4324,-1,-1
36.4979,-1,-1
36.5140,-1,-1
36.5447,-1,-1
36.5924,-1,-1
36.6080,-1,-1
36.6389,-1,-1
36.6740,-1,-1
36.7023,-1,-1
36.7395,-1,-1
36.7664,-1,-1
36.7987,-1,-1
36.8309,-1,-1
36.8877,-1,-1
36.9178,-1,-1
36.9639,-1,-1
36.9804,-1,-1
37.0054,-1,-1
37.0554,-1,-1
37.0722,-1,-1
37.1020,-1,-1
37.1402,-1,-1
37.1660,-1,-1
37.2137,-1,-1
37.2314,-1,-1
37.2947,-1,-1
37.3135,-1,-1
37.3676,-1,-1
37.3786,-1,-1
37.4053,-1,-1
37.4553,-1,-1
37.4727,-1,-1
37.5043,-1,-1
37.5388,-1,-1
37.5809,-1,-1
37.5993,-1,-1
37.6307,-1,-1
37.6984,-1,-1
37.7137,-1,-1
37.7423,-1,-1
37.7737,-1,-1
37.8054,-1,-1
37.8422,-1,-1
37.8694,-1,-1
37.9014,-1,-1
37.9356,-1,-1
37.9722,-1,-1
37.9987,-1,-1
38.0298,-1,-1
38.0979,-1,-1
38.1135,-1,-1
38.1429,-1,-1
38.1779,-1,-1
38.2235,-1,-1
38.2434,-1,-1
38.2697,-1,-1
38.3015,-1,-1
38.3537,-1,-1
38.3673,-1,-1
38.3990,-1,-1
38.4295,-1,-1
38.4773,-1,-1
38.5290,-1,-1
38.5452,-1,-1
38.5740,-1,-1
38.6063,-1,-1
38.6566,-1,-1
38.6736,-1,-1
38.7078,-1,-1
38.7346,-1,-1
38.7832,-1,-1
38.8005,-1,-1
38.8322,-1,-1
38.8794,-1,-1
38.9263,-1,-1
38.9444,-1,-1
38.9736,-1,-1
39.0113,-1,-1
39.0553,-1,-1
39.0726,-1,-1
39.1021,-1,-1
39.1537,-1,-1
39.1693,-1,-1
39.2003,-1,-1
39.2340,-1,-1
39.2788,-1,-1
39.3245,-1,-1
39.3417,-1,-1
39.3788,-1,-1
39.4076,-1,-1
39.4383,-1,-1
39.4903,-1,-1
39.5052,-1,-1
39.5352,-1,-1
39.5807,-1,-1
39.6011,-1,-1
39.6505,-1,-1
39.6788,-1,-1
39.7112,-1,-1
39.7454,-1,-1
39.7869,-1,-1
39.8053,-1,-1
39.8425,-1,-1
39.8960,-1,-1
39.9100,-1,-1
39.9334,-1,-1
39.9848,-1,-1
40.0016,-1,-1
40.0448,-1,-1
40.0808,-1,-1
40.1165,-1,-1
40.1816,-1,-1
40.2480,-1,-1
40.3033,-1,-1
40.3856,-1,-1
40.4325,-1,-1
40.5151,-1,-1
40.5935,-1,-1
40.6409,-1,-1
40.7115,-1,-1
40.7844,-1,-1
40.8489,-1,-1
40.9286,-1,-1
40.9929,-1,-1
41.0586,-1,-1
41.1219,-1,-1
41.1688,-1,-1
41.2492,-1,-1
41.3126,-1,-1
41.3759,-1,-1
41.4580,-1,-1
41.5142,-1,-1
41.5654,-1,-1
41.6356,-1,-1
41.7288,-1,-1
41.7935,-1,-1
41.8417,-1,-1
41.9031,-1,-1
41.9842,-1,-1
42.0295,-1,-1
42.1127,-1,-1
42.1757,-1,-1
42.2545,-1,-1
42.3163,-1,-1
42.3706,-1,-1
42.4304,-1,-1
42.5111,-1,-1
42.5933,-1,-1
42.6390,-1,-1
42.7247,-1,-1
42.7654,-1,-1
42.8454,-1,-1
42.9099,-1,-1
42.9819,-1,-1
43.0484,-1,-1
43.1020,-1,-1
43.1681,-1,-1
43.2339,-1,-1
43.3147,-1,-1
43.3835,-1,-1
43.4559,-1,-1
43.5046,-1,-1
43.5676,-1,-1
43.6303,-1,-1
43.7152,-1,-1
43.7742,-1,-1
43.8541,-1,-1
43.9023,-1,-1
43.9681,-1,-1
44.0323,-1,-1
44.0968,-1,-1
44.1779,-1,-1
44.2509,-1,-1
44.3029,-1,-1
44.3854,-1,-1
44.4476,-1,-1
44.4948,-1,-1
44.5917,-1,-1
44.6583,-1,-1
44.7204,-1,-1
44.7811,-1,-1
44.8325,-1,-1
44.9046,-1,-1
44.9935,-1,-1
45.0402,-1,-1
45.1087,-1,-1
45.1655,-1,-1
45.2490,-1,-1
45.2948,-1,-1
45.3783,-1,-1
45.4421,-1,-1
45.5175,-1,-1
45.5663,-1,-1
45.6491,-1,-1
45.7000,-1,-1
45.7735,-1,-1
45.8458,-1,-1
45.9081,-1,-1
45.9819,-1,-1
46.0441,-1,-1
46.1012,-1,-1
46.1787,-1,-1
46.2375,-1,-1
46.3238,-1,-1
46.3857,-1,-1
46.4497,-1,-1
46.4973,-1,-1
46.5738,-1,-1
46.6555,-1,-1
46.7224,-1,-1
46.7837,-1,-1
46.8452,-1,-1
46.9112,-1,-1
46.9910,-1,-1
47.0376,-1,-1
47.1069,-1,-1
47.1868,-1,-1
47.2406,-1,-1
47.2943,-1,-1
47.3739,-1,-1
47.4377,-1,-1
47.5041,-1,-1
47.5738,-1,-1
47.6461,-1,-1
47.6947,-1,-1
47.7785,-1,-1
47.8395,-1,-1
47.9161,-1,-1
47.9702,-1,-1
48.0336,-1,-1
48.1032,-1,-1
48.1785,-1,-1
48.2530,-1,-1
48.3017,-1,-1
48.3653,-1,-1
48.4491,-1,-1
48.4972,-1,-1
48.5630,-1,-1
48.6581,-1,-1
48.7071,-1,-1
48.7733,-1,-1
48.8355,-1,-1
48.8932,-1,-1
48.9625,-1,-1
49.0419,-1,-1
49.1224,-1,-1
49.1668,-1,-1
49.2315,-1,-1
49.2983,-1,-1
49.3795,-1,-1
49.4580,-1,-1
49.5054,-1,-1
49.5845,-1,-1
49.6443,-1,-1
49.6946,-1,-1
49.7760,-1,-1
49.8565,-1,-1
49.9060,-1,-1
49.9706,-1,-1
50.0492,-1,-1
50.0950,-1,-1
50.1632,-1,-1
50.2579,-1,-1
50.3126,-1,-1
50.3692,-1,-1
50.4322,-1,-1
50.4975,-1,-1
50.5771,-1,-1
50.6594,-1,-1
50.7043,-1,-1
50.7843,-1,-1
50.8293,-1,-1
50.9113,-1,-1
50.9627,-1,-1
51.0550,-1,-1
51.1225,-1,-1
51.1703,-1,-1
51.2508,-1,-1
51.2992,-1,-1
51.3655,-1,-1
51.4416,-1,-1
51.5227,-1,-1
51.5817,-1,-1
51.6349,-1,-1
51.6942,-1,-1
51.7787,-1,-1
51.8575,-1,-1
51.9043,-1,-1
51.9840,-1,-1
52.0414,-1,-1
52.0941,-1,-1
52.1631,-1,-1
52.2430,-1,-1
52.3056,-1,-1
52.3698,-1,-1
52.4412,-1,-1
52.4940,-1,-1
52.5632,-1,-1
52.6325,-1,-1
52.7255,-1,-1
52.7842,-1,-1
52.8327,-1,-1
52.8937,-1,-1
52.9622,-1,-1
53.0435,-1,-1
53.1057,-1,-1
53.1898,-1,-1
53.2344,-1,-1
53.2968,-1,-1
53.3629,-1,-1
53.4427,-1,-1
53.5063,-1,-1
53.5724,-1,-1
53.6458,-1,-1
53.6951,-1,-1
53.7704,-1,-1
53.8227,-1,-1
53.9056,-1,-1
53.9701,-1,-1
54.0344,-1,-1
54.1135,-1,-1
54.1589,-1,-1
54.2264,-1,-1
54.3037,-1,-1
54.3725,-1,-1
54.4502,-1,-1
54.4944,-1,-1
54.5758,-1,-1
54.6216,-1,-1
54.7227,-1,-1
54.7705,-1,-1
54.8489,-1,-1
54.8938,-1,-1
54.9777,-1,-1
55.0248,-1,-1
55.1225,-1,-1
55.1677,-1,-1
55.2461,-1,-1
55.2957,-1,-1
55.3641,-1,-1
55.4235,-1,-1
55.5158,-1,-1
55.5654,-1,-1
55.6415,-1,-1
55.6938,-1,-1
55.7808,-1,-1
55.8217,-1,-1
55.9120,-1,-1
55.9709,-1,-1
56.0496,-1,-1
56.0943,-1,-1
56.1609,-1,-1
56.2224,-1,-1
56.3048,-1,-1
56.3740,-1,-1
56.4522,-1,-1
56.4959,-1,-1
56.5795,-1,-1
56.6224,-1,-1
56.6912,-1,-1
56.7697,-1,-1
56.8300,-1,-1
56.8947,-1,-1
56.9605,-1,-1
57.0419,-1,-1
57.1075,-1,-1
57.1668,-1,-1
57.2488,-1,-1
57.2948,-1,-1
57.3597,-1,-1
57.4396,-1,-1
57.5034,-1,-1
57.5683,-1,-1
57.6413,-1,-1
57.6978,-1,-1
57.7741,-1,-1
57.8306,-1,-1
57.8913,-1,-1
57.9668,-1,-1
58.0326,-1,-1
58.0991,-1,-1
58.1763,-1,-1
58.2430,-1,-1
58.3075,-1,-1
58.3690,-1,-1
58.4464,-1,-1
58.4949,-1,-1
58.5788,-1,-1
58.6389,-1,-1
58.6871,-1,-1
58.7767,-1,-1
58.8490,-1,-1
58.9049,-1,-1
58.9788,-1,-1
59.0267,-1,-1
59.1048,-1,-1
59.1827,-1,-1
59.2304,-1,-1
59.3120,-1,-1
59.3589,-1,-1
59.4221,-1,-1
59.5050,-1,-1
59.5673,-1,-1
59.6472,-1,-1
59.7007,-1,-1
59.7611,-1,-1
59.8261,-1,-1
59.8946,-1,-1
59.9696,-1,-1
60.0347,-1,-1
60.0938,-1,-1
60.1756,-1,-1
60.2393,-1,-1
60.2915,-1,-1
60.3537,-1,-1
60.4489,-1,-1
60.4998,-1,-1
60.5625,-1,-1
60.6398,-1,-1
60.7069,-1,-1
60.7514,-1,-1
60.8490,-1,-1
60.9141,-1,-1
60.9575,-1,-1
61.0268,-1,-1
61.1075,-1,-1
61.1525,-1,-1
61.2338,-1,-1
61.2934,-1,-1
61.3573,-1,-1
61.4225,-1,-1
61.4872,-1,-1
61.5504,-1,-1
61.6303,-1,-1
61.6947,-1,-1
61.7743,-1,-1
61.8388,-1,-1
61.8960,-1,-1
61.9522,-1,-1
62.0296,-1,-1
62.1136,-1,-1
62.1733,-1,-1
62.2403,-1,-1
62.3046,-1,-1
62.3526,-1,-1
62.4299,-1,-1
62.5145,-1,-1
62.5661,-1,-1
62.6235,-1,-1
62.6908,-1,-1
62.7502,-1,-1
62.8361,-1,-1
62.8980,-1,-1
62.9647,-1,-1
63.0396,-1,-1
63.1048,-1,-1
63.1525,-1,-1
63.2312,-1,-1
63.2949,-1,-1
63.3677,-1,-1
63.4240,-1,-1
63.4873,-1,-1
63.5506,-1,-1
63.6319,-1,-1
63.6943,-1,-1
63.7580,-1,-1
63.8218,-1,-1
63.8936,-1,-1
63.9550,-1,-1
64.0353,-1,-1
64.0948,-1,-1
64.1579,-1,-1
64.2451,-1,-1
64.2861,-1,-1
64.3557,-1,-1
64.4143,-1,-1
64.5095,-1,-1
64.5763,-1,-1
64.6217,-1,-1
64.7062,-1,-1
64.7617,-1,-1
64.8187,-1,-1
64.8979,-1,-1
64.9650,-1,-1
65.0238,-1,-1
65.1048,-1,-1
65.1634,-1,-1
65.2185,-1,-1
65.2978,-1,-1
65.3752,-1,-1
65.4235,-1,-1
65.4853,-1,-1
65.5604,-1,-1
65.6317,-1,-1
65.6953,-1,-1
65.7783,-1,-1
65.8220,-1,-1
65.8852,-1,-1
65.9702,-1,-1
66.0146,-1,-1
66.1133,-1,-1
66.1806,-1,-1
66.2262,-1,-1
66.2862,-1,-1
66.3762,-1,-1
66.4143,-1,-1
66.4961,-1,-1
66.5619,-1,-1
66.6373,-1,-1
66.7057,-1,-1
66.7564,-1,-1
66.8143,-1,-1
66.9143,-1,-1
66.9594,-1,-1
67.0385,-1,-1
67.0864,-1,-1
67.1695,-1,-1
67.2189,-1,-1
67.3139,-1,-1
67.3728,-1,-1
67.4222,-1,-1
67.5048,-1,-1
67.5527,-1,-1
67.6185,-1,-1
67.6988,-1,-1
67.7782,-1,-1
67.8243,-1,-1
67.8992,-1,-1
67.9549,-1,-1
68.0341,-1,-1
68.0980,-1,-1
68.1627,-1,-1
68.2401,-1,-1
68.3024,-1,-1
68.3691,-1,-1
68.4152,-1,-1
68.4983,-1,-1
68.5753,-1,-1
68.6230,-1,-1
68.6905,-1,-1
68.7702,-1,-1
68.8165,-1,-1
68.8791,-1,-1
68.9780,-1,-1
69.0219,-1,-1
69.0945,-1,-1
69.1636,-1,-1
69.2340,-1,-1
69.2790,-1,-1
69.3625,-1,-1
69.4424,-1,-1
69.4895,-1,-1
69.5685,-1,-1
69.6193,-1,-1
69.6982,-1,-1
69.7615,-1,-1
69.8259,-1,-1
69.8852,-1,-1
69.9693,-1,-1
70.0337,-1,-1
70.0831,-1,-1
70.1665,-1,-1
70.2264,-1,-1
70.2900,-1,-1
70.3694,-1,-1
70.4315,-1,-1
70.4820,-1,-1
70.5634,-1,-1
70.6398,-1,-1
70.6854,-1,-1
70.7720,-1,-1
70.8188,-1,-1
70.8947,-1,-1
70.9779,-1,-1
71.0267,-1,-1
71.0904,-1,-1
71.1730,-1,-1
71.2309,-1,-1
71.2853,-1,-1
71.3785,-1,-1
71.4344,-1,-1
71.4915,-1,-1
71.5707,-1,-1
71.6341,-1,-1
71.6967,-1,-1
71.7627,-1,-1
71.8255,-1,-1
71.8854,-1,-1
71.9690,-1,-1
72.0189,-1,-1
72.0824,-1,-1
72.1609,-1,-1
72.2253,-1,-1
72.2857,-1,-1
72.3691,-1,-1
72.4336,-1,-1
72.4847,-1,-1
72.5597,-1,-1
72.6257,-1,-1
72.6942,-1,-1
72.7689,-1,-1
72.8336,-1,-1
72.8777,-1,-1
72.9470,-1,-1
73.0436,-1,-1
73.0903,-1,-1
73.1701,-1,-1
73.2179,-1,-1
73.2963,-1,-1
73.3628,-1,-1
73.4257,-1,-1
73.5069,-1,-1
73.5691,-1,-1
73.6135,-1,-1
73.6854,-1,-1
73.7626,-1,-1
73.8250,-1,-1
73.8903,-1,-1
73.9724,-1,-1
74.0337,-1,-1
74.0823,-1,-1
74.1467,-1,-1
74.2433,-1,-1
74.2881,-1,-1
74.3540,-1,-1
74.4332,-1,-1
74.4775,-1,-1
74.5604,-1,-1
74.6253,-1,-1
74.7044,-1,-1
74.7715,-1,-1
74.8147,-1,-1
74.8782,-1,-1
74.9464,-1,-1
75.0304,-1,-1
75.0865,-1,-1
75.1688,-1,-1
75.2165,-1,-1
75.2823,-1,-1
75.3483,-1,-1
75.4416,-1,-1
75.5045,-1,-1
75.5540,-1,-1
75.6180,-1,-1
75.6961,-1,-1
75.7627,-1,-1
75.8258,-1,-1
75.9055,-1,-1
75.9660,-1,-1
76.0154,-1,-1
76.0833,-1,-1
76.1628,-1,-1
76.2255,-1,-1
76.2924,-1,-1
76.3691,-1,-1
76.4152,-1,-1
76.4816,-1,-1
76.5469,-1,-1
76.6237,-1,-1
76.6904,-1,-1
76.7642,-1,-1
76.8210,-1,-1
76.8778,-1,-1
76.9615,-1,-1
77.0106,-1,-1
77.0943,-1,-1
77.1647,-1,-1
77.2180,-1,-1
77.2819,-1,-1
77.3438,-1,-1
77.4105,-1,-1
77.4902,-1,-1
77.5542,-1,-1
77.6348,-1,-1
77.6804,-1,-1
77.7457,-1,-1
77.8054,-1,-1
77.8847,-1,-1
77.9543,-1,-1
78.0180,-1,-1
78.0948,-1,-1
78.1464,-1,-1
78.2106,-1,-1
78.3041,-1,-1
78.3545,-1,-1
78.4188,-1,-1
78.4809,-1,-1
78.5463,-1,-1
78.6252,-1,-1
78.6915,-1,-1
78.7687,-1,-1
78.8168,-1,-1
78.8772,-1,-1
78.9465,-1,-1
79.0267,-1,-1
79.1043,-1,-1
79.1539,-1,-1
79.2311,-1,-1
79.2987,-1,-1
79.3627,-1,-1
79.4107,-1,-1
79.4902,-1,-1
79.5543,-1,-1
79.6198,-1,-1
79.6950,-1,-1
79.7624,-1,-1
79.8249,-1,-1
79.8854,-1,-1
79.9684,-1,-1
80.0181,-1,-1
80.0975,-1,-1
80.1458,-1,-1
80.2248,-1,-1
80.3067,-1,-1
80.3513,-1,-1
80.4231,-1,-1
80.4914,-1,-1
80.5465,-1,-1
80.6108,-1,-1
80.6891,-1,-1
80.7507,-1,-1
80.8214,-1,-1
80.8777,-1,-1
80.9438,-1,-1
81.0125,-1,-1
81.0746,-1,-1
81.1692,-1,-1
81.2162,-1,-1
81.2853,-1,-1
81.3465,-1,-1
81.4253,-1,-1
81.4721,-1,-1
81.5538,-1,-1
81.6144,-1,-1
81.6786,-1,-1
81.7422,-1,-1
81.8111,-1,-1
81.8723,-1,-1
81.9682,-1,-1
82.0172,-1,-1
82.0940,-1,-1
82.1507,-1,-1
82.2266,-1,-1
82.2718,-1,-1
82.3662,-1,-1
82.4155,-1,-1
82.4822,-1,-1
82.5610,-1,-1
82.6134,-1,-1
82.6709,-1,-1
82.7702,-1,-1
82.8147,-1,-1
82.8911,-1,-1
82.9500,-1,-1
83.0246,-1,-1
83.0746,-1,-1
83.1682,-1,-1
83.2143,-1,-1
83.2956,-1,-1
83.3417,-1,-1
83.4125,-1,-1
83.4783,-1,-1
83.5628,-1,-1
83.6185,-1,-1
83.6826,-1,-1
83.7417,-1,-1
83.8245,-1,-1
83.8748,-1,-1
83.9539,-1,-1
84.0145,-1,-1
84.0782,-1,-1
84.1429,-1,-1
84.2211,-1,-1
84.2811,-1,-1
84.3692,-1,-1
84.4158,-1,-1
84.4991,-1,-1
84.5432,-1,-1
84.6137,-1,-1
84.6884,-1,-1
84.7400,-1,-1
84.8306,-1,-1
84.8815,-1,-1
84.9413,-1,-1
85.0053,-1,-1
85.0745,-1,-1
85.1408,-1,-1
85.2201,-1,-1
85.3010,-1,-1
85.3428,-1,-1
85.4249,-1,-1
85.4752,-1,-1
85.5352,-1,-1
85.6160,-1,-1
85.6953,-1,-1
85.7450,-1,-1
85.8229,-1,-1
85.8864,-1,-1
85.9530,-1,-1
86.0135,-1,-1
86.0979,-1,-1
86.1442,-1,-1
86.2097,-1,-1
86.2778,-1,-1
86.3342,-1,-1
86.4207,-1,-1
86.4960,-1,-1
86.5500,-1,-1
86.6120,-1,-1
86.6914,-1,-1
86.7335,-1,-1
86.8181,-1,-1
86.8946,-1,-1
86.9415,-1,-1
87.0148,-1,-1
87.0760,-1,-1
87.1494,-1,-1
87.2224,-1,-1
87.2893,-1,-1
87.3413,-1,-1
87.4166,-1,-1
87.4921,-1,-1
87.5352,-1,-1
87.6316,-1,-1
87.6821,-1,-1
87.7625,-1,-1
87.8083,-1,-1
87.8771,-1,-1
87.9380,-1,-1
88.0181,-1,-1
88.0979,-1,-1
88.1490,-1,-1
88.2125,-1,-1
88.2749,-1,-1
88.3426,-1,-1
88.4208,-1,-1
88.4972,-1,-1
88.5436,-1,-1
88.6202,-1,-1
88.6879,-1,-1
88.7385,-1,-1
88.8117,-1,-1
88.8913,-1,-1
88.9646,-1,-1
89.0053,-1,-1
89.0899,-1,-1
89.1384,-1,-1
89.1982,-1,-1
89.2782,-1,-1
89.3598,-1,-1
89.4092,-1,-1
89.4748,-1,-1
89.5526,-1,-1
89.6173,-1,-1
89.6949,-1,-1
89.7488,-1,-1
89.8083,-1,-1
89.8776,-1,-1
89.9529,-1,-1
90.0179,-1,-1
90.0939,-1,-1
90.1599,-1,-1
90.2083,-1,-1
90.2737,-1,-1
90.3383,-1,-1
90.4025,-1,-1
90.4980,-1,-1
90.5454,-1,-1
90.6087,-1,-1
90.6733,-1,-1
90.7537,-1,-1
90.8031,-1,-1
90.8800,-1,-1
90.9588,-1,-1
91.0052,-1,-1
91.0894,-1,-1
91.1512,-1,-1
91.2056,-1,-1
91.2777,-1,-1
91.3472,-1,-1
91.4198,-1,-1
91.4898,-1,-1
91.5345,-1,-1
91.6030,-1,-1
91.6849,-1,-1
91.7602,-1,-1
91.8110,-1,-1
91.8930,-1,-1
91.9536,-1,-1
92.0025,-1,-1
92.0788,-1,-1
92.1418,-1,-1
92.2268,-1,-1
92.2709,-1,-1
92.3403,-1,-1
92.4185,-1,-1
92.4818,-1,-1
92.5468,-1,-1
92.6245,-1,-1
92.6896,-1,-1
92.7558,-1,-1
92.8181,-1,-1
92.8644,-1,-1
92.9449,-1,-1
93.0098,-1,-1
93.0878,-1,-1
93.1536,-1,-1
93.2187,-1,-1
93.2654,-1,-1
93.3583,-1,-1
93.4067,-1,-1
93.4775,-1,-1
93.5340,-1,-1
93.6161,-1,-1
93.6623,-1,-1
93.7434,-1,-1
93.8244,-1,-1
93.8887,-1,-1
93.9540,-1,-1
94.0123,-1,-1
94.0648,-1,-1
94.1598,-1,-1
94.2251,-1,-1
94.2714,-1,-1
94.3379,-1,-1
94.4156,-1,-1
94.4633,-1,-1
94.5463,-1,-1
94.6222,-1,-1
94.6747,-1,-1
94.7529,-1,-1
94.8115,-1,-1
94.8614,-1,-1
94.9469,-1,-1
95.0195,-1,-1
95.0819,-1,-1
95.1548,-1,-1
95.1981,-1,-1
95.2830,-1,-1
95.3523,-1,-1
95.4299,-1,-1
95.4815,-1,-1
95.5342,-1,-1
95.5986,-1,-1
95.6794,-1,-1
95.7445,-1,-1
95.8096,-1,-1
95.8796,-1,-1
95.9500,-1,-1
96.0136,-1,-1
96.0646,-1,-1
96.1478,-1,-1
96.2268,-1,-1
96.2891,-1,-1
96.3458,-1,-1
96.4157,-1,-1
96.4809,-1,-1
96.5624,-1,-1
96.6226,-1,-1
96.6887,-1,-1
96.7378,-1,-1
96.8031,-1,-1
96.8668,-1,-1
96.9259,-1,-1
97.0240,-1,-1
97.0751,-1,-1
97.1547,-1,-1
97.2151,-1,-1
97.2766,-1,-1
97.3288,-1,-1
97.4102,-1,-1
97.4744,-1,-1
97.5376,-1,-1
97.5982,-1,-1
97.6828,-1,-1
97.7284,-1,-1
97.8099,-1,-1
97.8765,-1,-1
97.9389,-1,-1
98.0179,-1,-1
98.0666,-1,-1
98.1446,-1,-1
98.2103,-1,-1
98.2757,-1,-1
98.3383,-1,-1
98.4038,-1,-1
98.4799,-1,-1
98.5359,-1,-1
98.6052,-1,-1
98.6693,-1,-1
98.7378,-1,-1
98.7993,-1,-1
98.8618,-1,-1
98.9435,-1,-1
99.0200,-1,-1
99.0733,-1,-1
99.1543,-1,-1
99.2013,-1,-1
99.2749,-1,-1
99.3407,-1,-1
99.4276,-1,-1
99.4784,-1,-1
99.5511,-1,-1
99.5975,-1,-1
99.6810,-1,-1
99.7475,-1,-1
99.8241,-1,-1
99.8798,-1,-1
99.9380,-1,-1
100.0023,-1,-1
100.0802,-1,-1
100.1472,-1,-1
100.2111,-1,-1
100.2889,-1,-1
100.3383,-1,-1
100.4045,-1,-1
100.4662,-1,-1
100.5470,-1,-1
100.6083,-1,-1
100.6805,-1,-1
100.7419,-1,-1
100.7977,-1,-1
100.8663,-1,-1
100.9273,-1,-1
101.0096,-1,-1
101.0879,-1,-1
101.1443,-1,-1
101.1976,-1,-1
101.2650,-1,-1
101.3392,-1,-1
101.3921,-1,-1
101.4776,-1,-1
101.5375,-1,-1
101.6156,-1,-1
101.6798,-1,-1
101.7459,-1,-1
101.7910,-1,-1
101.8766,-1,-1
101.9433,-1,-1
102.0116,-1,-1
102.0822,-1,-1
102.1341,-1,-1
102.1914,-1,-1
102.2894,-1,-1
102.3389,-1,-1
102.4022,-1,-1
102.4828,-1,-1
102.5283,-1,-1
102.5946,-1,-1
102.6888,-1,-1
102.7385,-1,-1
102.8029,-1,-1
102.8657,-1,-1
102.9299,-1,-1
102.9906,-1,-1
103.0739,-1,-1
103.1456,-1,-1
103.2179,-1,-1
103.2824,-1,-1
103.3482,-1,-1
103.3896,-1,-1
103.4923,-1,-1
103.5374,-1,-1
103.6179,-1,-1
103.6612,-1,-1
103.7453,-1,-1
103.7913,-1,-1
103.8884,-1,-1
103.9357,-1,-1
104.0017,-1,-1
104.0806,-1,-1
104.1321,-1,-1
104.1980,-1,-1
104.2892,-1,-1
104.3491,-1,-1
104.4180,-1,-1
104.4805,-1,-1
104.5311,-1,-1
104.5962,-1,-1
104.6861,-1,-1
104.7399,-1,-1
104.8181,-1,-1
104.8643,-1,-1
104.9458,-1,-1
105.0000,-1,-1
105.0734,-1,-1
105.1450,-1,-1
105.1983,-1,-1
105.2811,-1,-1
105.3450,-1,-1
105.3930,-1,-1
105.4594,-1,-1
105.5375,-1,-1
105.6114,-1,-1
105.6634,-1,-1
105.7301,-1,-1
105.8063,-1,-1
105.8702,-1,-1
105.9373,-1,-1
106.0143,-1,-1
106.0795,-1,-1
106.1307,-1,-1
106.1945,-1,-1
106.2742,-1,-1
106.3532,-1,-1
106.3978,-1,-1
106.4799,-1,-1
106.5261,-1,-1
106.6124,-1,-1
106.6550,-1,-1
106.7536,-1,-1
106.8178,-1,-1
106.8669,-1,-1
106.9440,-1,-1
106.9905,-1,-1
107.0532,-1,-1
107.1398,-1,-1
107.2098,-1,-1
107.2827,-1,-1
107.3283,-1,-1
107.3948,-1,-1
107.4584,-1,-1
107.5350,-1,-1
107.6025,-1,-1
107.6802,-1,-1
107.7296,-1,-1
107.7944,-1,-1
107.8585,-1,-1
107.9369,-1,-1
108.0148,-1,-1
108.0822,-1,-1
108.1449,-1,-1
108.1909,-1,-1
108.2747,-1,-1
108.3538,-1,-1
108.4154,-1,-1
108.4687,-1,-1
108.5447,-1,-1
108.5926,-1,-1
108.6585,-1,-1
108.7383,-1,-1
108.8018,-1,-1
108.8825,-1,-1
108.9277,-1,-1
109.0099,-1,-1
109.0543,-1,-1
109.1334,-1,-1
109.2150,-1,-1
109.2661,-1,-1
109.3423,-1,-1
109.3905,-1,-1
109.4742,-1,-1
109.5203,-1,-1
109.6022,-1,-1
109.6806,-1,-1
109.7416,-1,-1
109.7945,-1,-1
109.8584,-1,-1
109.9370,-1,-1
110.0017,-1,-1
110.0683,-1,-1
110.1320,-1,-1
110.2054,-1,-1
110.2744,-1,-1
110.3289,-1,-1
110.4180,-1,-1
110.4664,-1,-1
110.5468,-1,-1
110.6057,-1,-1
110.6602,-1,-1
110.7226,-1,-1
110.8028,-1,-1
110.8664,-1,-1
110.9463,-1,-1
111.0053,-1,-1
111.0565,-1,-1
111.1291,-1,-1
111.2152,-1,-1
111.2801,-1,-1
111.3267,-1,-1
111.3910,-1,-1
111.4597,-1,-1
111.5224,-1,-1
111.6176,-1,-1
111.6641,-1,-1
111.7386,-1,-1
111.8088,-1,-1
111.8585,-1,-1
111.9217,-1,-1
112.0182,-1,-1
112.0832,-1,-1
112.1316,-1,-1
112.1966,-1,-1
112.2737,-1,-1
112.3389,-1,-1
112.4145,-1,-1
112.4820,-1,-1
112.5261,-1,-1
112.6090,-1,-1
112.6592,-1,-1
112.7196,-1,-1
112.8178,-1,-1
112.8809,-1,-1
112.9436,-1,-1
113.0088,-1,-1
113.0738,-1,-1
113.1195,-1,-1
113.1990,-1,-1
113.2657,-1,-1
113.3311,-1,-1
113.3945,-1,-1
113.4756,-1,-1
113.5190,-1,-1
113.5863,-1,-1
113.6663,-1,-1
113.7303,-1,-1
113.8087,-1,-1
113.8582,-1,-1
113.9221,-1,-1
114.0005,-1,-1
114.0672,-1,-1
114.1279,-1,-1
114.2080,-1,-1
114.2703,-1,-1
114.3226,-1,-1
114.3930,-1,-1
114.4663,-1,-1
114.5305,-1,-1
114.5943,-1,-1
114.6743,-1,-1
114.7205,-1,-1
114.7869,-1,-1
114.8655,-1,-1
114.9460,-1,-1
114.9957,-1,-1
115.0734,-1,-1
115.1188,-1,-1
115.2018,-1,-1
115.2634,-1,-1
115.3503,-1,-1
115.3894,-1,-1
115.4737,-1,-1
115.5250,-1,-1
115.5996,-1,-1
115.6821,-1,-1
115.7270,-1,-1
115.7896,-1,-1
115.8718,-1,-1
115.9169,-1,-1
115.9875,-1,-1
116.0818,-1,-1
116.1362,-1,-1
116.1940,-1,-1
116.2648,-1,-1
116.3191,-1,-1
116.4034,-1,-1
116.4809,-1,-1
116.5462,-1,-1
116.6072,-1,-1
116.6743,-1,-1
116.7195,-1,-1
116.7831,-1,-1
116.8795,-1,-1
116.9293,-1,-1
116.9942,-1,-1
117.0730,-1,-1
117.1209,-1,-1
117.1901,-1,-1
117.2800,-1,-1
117.3328,-1,-1
117.4072,-1,-1
117.4737,-1,-1
117.5225,-1,-1
117.5822,-1,-1
117.6470,-1,-1
117.7267,-1,-1
117.8050,-1,-1
117.8543,-1,-1
117.9173,-1,-1
118.0023,-1,-1
118.0497,-1,-1
118.1276,-1,-1
118.1927,-1,-1
118.2663,-1,-1
118.3322,-1,-1
118.4004,-1,-1
118.4642,-1,-1
